36.38
33.96
37.51
30.32
31.71
37.03
31.00
29.68
32.16
32.62
32.13
25.58
25.39
30.28
29.88
38.31
23.37
29.87
30.03
27.54
18.68
29.98
28.82
29.74
42.15
32.87
27.29
35.03
28.45
29.86
28.49
30.90
34.35
35.95
29.36
26.12
26.91
25.94
37.01
31.06
37.16
32.12
27.59
30.98
37.94
30.36
27.00
39.45
39.15
31.47
29.51
36.11
31.10
35.18
33.92
27.92
22.33
32.30
25.75
31.72
27.33
39.49
35.05
32.47
27.28
29.65
29.45
34.92
32.48
36.61
27.46
34.28
34.55
29.93
29.45
27.06
31.75
30.30
34.59
33.99
23.72
32.82
25.22
31.87
34.29
31.31
30.78
27.29
25.82
26.55
26.83
32.76
31.89
40.70
26.92
30.04
29.72
34.26
21.21
30.37
26.74
32.21
34.47
35.06
33.70
29.58
30.02
32.90
29.06
26.26
31.23
35.37
31.13
35.20
33.68
36.90
26.27
31.09
28.61
32.00
31.53
36.54
29.40
31.15
34.29
36.16
25.17
31.34
31.95
31.50
33.32
38.61
34.66
28.15
31.56
34.54
29.95
28.79
28.44
30.42
27.62
31.01
32.68
34.26
35.23
35.39
28.57
32.84
22.89
31.32
31.54
27.92
27.77
37.78
31.44
28.22
30.19
36.77
38.16
38.18
24.90
28.88
37.03
40.08
29.08
24.86
37.67
32.59
29.96
34.16
28.17
28.74
37.19
31.82
29.83
27.59
27.58
27.54
28.64
22.76
37.90
31.24
32.01
35.93
32.79
24.26
29.30
34.11
39.75
34.44
30.40
23.79
33.18
33.34
30.06
31.98
37.65
29.45
31.60
35.46
33.43
33.44
35.52
31.05
30.06
26.64
29.04
26.90
27.50
29.83
36.22
28.17
29.90
30.60
32.44
30.83
34.57
36.06
26.00
30.67
32.54
29.69
35.90
27.84
34.75
34.21
20.18
28.07
35.21
25.24
30.63
25.10
26.56
29.46
32.00
26.04
36.40
31.40
31.12
32.42
34.43
24.76
33.78
30.49
25.86
32.57
35.73
23.76
35.42
32.77
25.47
25.80
40.80
31.00
32.45
38.64
31.61
33.88
29.60
30.78
31.90
31.14
28.06
33.58
33.29
23.97
29.38
28.12
31.65
38.16
27.59
26.59
36.15
35.05
28.30
26.29
29.34
30.60
33.53
25.61
29.18
34.76
34.31
34.14
35.56
33.73
29.01
36.37
25.80
25.20
33.11
32.18
28.41
35.99
34.23
32.63
30.23
30.93
23.38
30.65
